
DBSCAN 1
	0 isolates in multiple clusters
	clusterStats: (495, (2, 473), (8.573737373737373, 33.76337817279831), 1849, (331, 90, 38, 17, 10, 4, 5))


DBSCAN 3
	9 isolates in multiple clusters
	clusterStats: (162, (4, 399), (21.172839506172838, 49.258549750922846), 2672, (0, 86, 38, 18, 10, 5, 5))


OHClust 99
	0 isolates in multiple clusters
	clusterStats: (1076, (2, 62), (4.2221189591078065, 5.216959247004487), 1550, (693, 282, 78, 12, 11, 0, 0))


AGGLOMERATIVE
	0 isolates in multiple clusters
	clusterStats: (1054, (2, 65), (4.3130929791271351, 5.474336163069853), 1547, (668, 279, 82, 15, 9, 1, 0))






DBSCAN 1
495
	23-5
		distributionSimilarity: (0.55091330681986095, 80.997735435504723, 0.0)
	16-23
		distributionSimilarity: (0.57722412600710105, 84.866069609390109, 0.0)
	0 isolates in multiple clusters
	0 isolates in multiple clusters

	similarityIndexes: (0.07441701649024846, 0.9850843564735874, 0.5297506864819179, 0.9851022221877381)


DBSCAN 3
162
	23-5
		distributionSimilarity: (0.46203418949649822, 67.21524156412454, 0.0)
	16-23
		distributionSimilarity: (0.49175327772585326, 71.538678530073938, 0.0)
	9 isolates in multiple clusters
	0 isolates in multiple clusters

	similarityIndexes: (0.09418111953924285, 0.9887330923019975, 0.5414571059206201, 0.9887462755824876)


OHClust 99
1076
	23-5
		distributionSimilarity: (0.012551140675228778, 1.3344417250372098, 0.056333948084030673)
	16-23
		distributionSimilarity: (0.020994250092084221, 2.2321161106922904, 9.1952547690618487e-05)
	0 isolates in multiple clusters
	0 isolates in multiple clusters

	similarityIndexes: (0.46700162074554297, 0.9991133397476855, 0.7330574802466142, 0.9991140280349268)






DBSCAN 1
495
	23-5
		distributionCorrectness: (0.49616829982294364, 28.905180342915454, 0.0)

		individualClusterDistributionCorrectness: ((74, (0.14380564119259487, 0.68598285088864763), 0.40900683364388868, 0.01638013291970759, -0.04212846409636282, -0.5713923569259203), (74, (1.0960017606496675, 39.588829394360602), 6.8822930920528433, 54.883539563885655, 2.526191117300504, 6.666126613978989), (74, (0.0, 0.16377470417258752), 0.0034641546555844479, 0.00038338855260100008, 7.6341669284595906, 59.496071896346926))

		pairedClustersDistributionCorrectness: ((46591, (0.07540411268295355, 0.76604662959454073), 0.47415978811454706, 0.013184641693143697, -0.687068976614445, 0.20926661648665634), (46591, (0.94837298807790371, 44.480184716076415), 7.0528671424383997, 46.924604076451601, 2.67676477898658, 7.772758630876497), (46591, (0.0, 0.29923750937145416), 0.00010359542500910643, 1.2606114178155865e-05, 50.342562903012954, 3083.701631722777))
	16-23
		distributionCorrectness: (0.48442786151016848, 14.078414968098439, 4.7368961371228445e-174)

		individualClusterDistributionCorrectness: ((74, (0.092089728453364827, 0.71184602476034742), 0.30208925485403898, 0.022395321462847534, 0.7131808667215956, -0.30084172766421036), (74, (0.66748643220744464, 20.638890181961649), 4.1265366518769824, 16.703163385385608, 1.9878791567706826, 3.7679075181827937), (74, (0.0, 0.74183919413254318), 0.053724811812244894, 0.017405784858718486, 3.3586156074614233, 12.126714975375158))
		
		pairedClustersDistributionCorrectness: ((46591, (0.0743801652892562, 0.78978492603319561), 0.42600443462229481, 0.014591144987068554, -0.16481644103634988, -0.4814456734112498), (46591, (0.58201666931929719, 22.929875967988629), 5.0505617865054591, 13.788597697970571, 2.0566643274816685, 4.139712497308237), (46591, (0.0, 0.87471049724542616), 0.00029967993728816832, 0.00012008487702383071, 52.0189748726843, 3046.5634048357583))
	0 isolates in multiple clusters

	thresholdCorrectness: (1.0, 0.9898151707603782, 0.9949075853801891, 0.9898437464920443, 0.004014649707817297)


DBSCAN 3
162
	23-5
		distributionCorrectness: (0.43484951100312741, 25.290510546097991, 0.0)
		
		individualClusterDistributionCorrectness: ((76, (0.14380564119259487, 0.70551582693305837), 0.39984671388259313, 0.015544427867866813, 0.10163160535342895, -0.41073934540364476), (76, (1.0960017606496675, 39.35026073071402), 6.7642677693278275, 49.244588736213622, 2.4731189184778195, 6.889263597747432), (76, (0.0, 0.16377470417258752), 0.0034400021347090275, 0.00037339858166578291, 7.733077457272075, 61.14375627580483))
		
		pairedClustersDistributionCorrectness: ((13041, (0.08195418211411698, 0.74809164207466938), 0.50419278543838597, 0.0099568304178298574, -1.1608575993753927, 1.8371531299030144), (13041, (0.95934857595982803, 42.71216088278166), 8.609196101561583, 50.01440534409447, 2.152124420461199, 5.095790026365508), (13041, (0.0, 0.30244944856607486), 6.3253694780411696e-05, 1.3090082648310459e-05, 67.37120902532637, 4901.021299549257))
	16-23
		distributionCorrectness: (0.37420437444793531, 10.870564455787312, 6.0811843050712644e-104)
		
		individualClusterDistributionCorrectness: ((76, (0.092089728453364827, 0.69267032164672038), 0.29431303302122352, 0.019722503125038742, 0.766997396859907, 0.02824401262883036), (76, (0.66748643220744464, 19.90628619073938), 3.9577620744409181, 13.589892958795691, 2.073107010969735, 4.798157754611274), (76, (0.0, 0.74183919413254318), 0.051765434287960266, 0.016972618358075214, 3.438057890249984, 12.686038573871619))
		
		pairedClustersDistributionCorrectness: ((13041, (0.091960272582282176, 0.78167005161022129), 0.48586733097395646, 0.0097671982825094511, -0.9658148705772035, 1.0712175927412542), (13041, (0.67280299937045351, 22.611542628179169), 6.4090113203432173, 13.498185868944383, 1.5894615937511678, 2.4393187696892786), (13041, (0.0, 0.73294108304562722), 0.00023434953664503203, 0.00010725736264145417, 55.72474450805687, 3343.331348840866))
	9 isolates in multiple clusters

	thresholdCorrectness: (0.9898193317008271, 0.9934630491795488, 0.991641190440188, 0.9934528259455122, 0.004014649707817297)


OHClust 99
1076
	23-5
		distributionCorrectness: (0.10940002986695607, 5.9607025940267331, 2.0031145985117265e-31)
		
		individualClusterDistributionCorrectness: ((101, (0.058704415398926901, 0.6195482350448851), 0.28957946408223084, 0.015288236545747238, 0.43875122222030755, -0.4819397434410755), (101, (0.64949051393744328, 7.5306655732141765), 2.4923091323258939, 1.5999484072942571, 1.2660368389835068, 1.8465893921722811), (101, (3.1238044202120012e-50, 0.77193719544790862), 0.043851549948068842, 0.01671542691639262, 3.9802683285120724, 16.804108250749074))
		
		pairedClustersDistributionCorrectness: ((215431, (0.043828192506248059, 0.88152571447066053), 0.45303168503885377, 0.017789851837816961, -0.41633456882634173, 0.1858788121793542), (215431, (0.47166451707909618, 24.396585991781006), 3.5930541970704426, 1.7290510415301366, 2.636545247450562, 15.86194798086624), (215431, (0.0, 0.97312321025121817), 0.00042935811087859273, 0.00012325262758930658, 42.82495051255492, 2331.2304930263454))
	16-23
		distributionCorrectness: (0.12087494989229668, 3.4518800006248673, 7.2679710168880621e-11)
		
		individualClusterDistributionCorrectness: ((101, (0.073347107438016534, 0.65499147317329132), 0.27009259748032305, 0.016605941929790105, 1.0303523346272734, 0.5900534036472558), (101, (0.5918429914526333, 6.345312020016161), 2.3208340261750524, 2.0980202656708449, 1.1483921628736287, 0.5643943042835513), (101, (8.5192764694294195e-36, 0.85649184721807492), 0.094213832616178605, 0.034042702819308636, 2.378569089006357, 5.161927501813741))
		
		pairedClustersDistributionCorrectness: ((215431, (0.054995938941780231, 0.82083825265643451), 0.42772508384015107, 0.015292636240644641, -0.5399011467906285, -0.16319707352814028), (215431, (0.4618553345155828, 13.892483859005889), 3.2229344019453943, 1.0591937238789151, 1.8740372083193806, 7.004035758799924), (215431, (1.4153665213948615e-169, 0.97931073369624966), 0.00081143017356200529, 0.00027704962549900152, 32.64906902388644, 1268.1728660926785))
	0 isolates in multiple clusters

	thresholdCorrectness: (0.32367969457995105, 0.9999825312405977, 0.6618311129102743, 0.9980850179950855, 0.004014649707817297)


AGGLOMERATIVE
1054
	23-5
		distributionCorrectness: (0.11716675562173695, 6.4092348394913836, 2.894242332331507e-36)
		
		individualClusterDistributionCorrectness: ((107, (0.063795514127585204, 0.5915887685476966), 0.29750087631278627, 0.013483300551453201, 0.34177125185943474, -0.4490819726240223), (107, (0.95789125474709236, 6.9749214253517762), 2.6109854547267206, 1.8130773194811032, 1.4391017696653805, 1.8531034432764706), (107, (5.6901284402257074e-43, 0.29914632292997834), 0.02144781510160702, 0.0029796661900520272, 3.0775652979921686, 9.29722206428139))
		
		pairedClustersDistributionCorrectness: ((209166, (0.03904161105338444, 0.8674004410969165), 0.45462241105911327, 0.017710039685711613, -0.4221260058900525, 0.025185477961203517), (209166, (0.44397312498259356, 24.618518383139563), 3.6835238319776669, 1.8961801456514251, 2.57432114674749, 14.23894383564242), (209166, (0.0, 0.98735343346649806), 0.00039215744961127331, 0.00011317563817514802, 48.17200116195455, 3024.8234610152963))
	16-23
		distributionCorrectness: (0.14107420744342106, 4.0330966968961857, 1.1220187699457781e-14)
		
		individualClusterDistributionCorrectness: ((107, (0.073347107438016534, 0.65499147317329132), 0.26840263115024926, 0.013951385498498746, 1.0046422231935512, 0.8149381463584255), (107, (0.5918429914526333, 8.2022407551430803), 2.3717504742917987, 2.5325317313335072, 1.6278820224505397, 2.308485705369219), (107, (1.3964951079830581e-59, 0.85649184721807492), 0.077302981914284766, 0.023988256153471887, 2.6046140819515413, 7.155541594046191))
		
		pairedClustersDistributionCorrectness: ((209166, (0.051948051948051965, 0.76918536009445093), 0.42479314837200371, 0.015249313559890581, -0.5020503733965876, -0.4588634058962757), (209166, (0.4618553345155828, 13.923601158267294), 3.267004545272953, 1.2043470149731739, 1.8916686281684403, 6.435459292932238), (209166, (2.4966175609965228e-170, 0.97931073369624966), 0.00075466725232169933, 0.00023162672075232753, 34.09263220217086, 1431.4673437176252))
	0 isolates in multiple clusters

	thresholdCorrectness: (0.35643907988353934, 0.9999811207196522, 0.6782101003015958, 0.9981755249416425, 0.004014649707817297)


























